[0, 0, 0]
[0.0, 0.0, 0.0]
[0.0, 0.0, 0.0]
[0.0, 0.0, 0.0]
[0.0, 0.0, 0.0]
[0.0, 0.0, 0.0]
[0.0, 0.0, 0.0]
[0.0, 0.0, 0.0]
[0.0, 0.0, 0.0]
[0.0, 0.0, 0.0]
[0.0, 0.0, 0.0]
[0.0, 0.0, 0.0]
[0.0, 0.0, 0.0]
[0.0, 0.0, 0.0]
[0.0, 0.0, 0.0]
[0.0, 0.0, 0.0]
[0.0, 0.0, 0.0]
[0.0, 0.0, 0.0]
[0.0, 0.0, 0.0]
[0.0, 0.0, 0.0]
[0.0, 0.0, 0.0]
[0.0, 0.0, 0.0]
[0.0, 0.0, 0.0]
[0.0, 0.0, 0.0]
[0.0, 0.0, 0.0]
[0.0, 0.0, 0.0]
[0.0, 0.0, 0.0]
[0.0, 0.0, 0.0]
[0.0, 0.0, 0.0]
[0.0, 0.0, 0.0]
[0.0, 0.0, 0.0]
[0.0, 0.0, 0.0]
[0.0, 0.0, 0.0]
[0.0, 0.0, 0.0]
[0.0, 0.0, 0.0]
[0.0, 0.0, 0.0]
[0.0, 0.0, 0.0]
[0.0, 0.0, 0.0]
[0.0, 0.0, 0.0]
[0.0, 0.0, 0.0]
[0.0, 0.0, 0.0]
[0.0, 0.0, 0.0]
[0.0, 0.0, 0.0]
[0.0, 0.0, 0.0]
[0.0, 0.0, 0.0]
[0.0, 0.0, 0.0]
[0.0, 0.0, 0.0]
[0.0, 0.0, 0.0]
[0.0, 0.0, 0.0]
[0.0, 0.0, 0.0]
[0.0, 0.0, 0.0]
[0.0, 0.0, 0.0]
[0.0, 0.0, 0.0]
[0.0, 0.0, 0.0]
[0.0, 0.0, 0.0]
[0.0, 0.0, 0.0]
[0.0, 0.0, 0.0]
[0.0, 0.0, 0.0]
[0.0, 0.0, 0.0]
[0.0, 0.0, 0.0]
[0.0, 0.0, 0.0]
[0.0, 0.0, 0.0]
[0.0, 0.0, 0.0]
[0.0, 0.0, 0.0]
[0.0, 0.0, 0.0]
[0.0, 0.0, 0.0]
[0.0, 0.0, 0.0]
[0.0, 0.0, 0.0]
[0.0, 0.0, 0.0]
[0.0, 0.0, 0.0]
[0.0, 0.0, 0.0]
[0.0, 0.0, 0.0]
[0.0, 0.0, 0.0]
[0.0, 0.0, 0.0]
[0.0, 0.0, 0.0]
[0.0, 0.0, 0.0]
[0.0, 0.0, 0.0]
[0.0, 0.0, 0.0]
[0.0, 0.0, 0.0]
[0.0, 0.0, 0.0]
[0.0, 0.0, 0.0]
[0.0, 0.0, 0.0]
[0.0, 0.0, 0.0]
[0.0, 0.0, 0.0]
[0.0, 0.0, 0.0]
[0.0, 0.0, 0.0]
[0.0, 0.0, 0.0]
[0.0, 0.0, 0.0]
[0.0, 0.0, 0.0]
[0.0, 0.0, 0.0]
[0.0, 0.0, 0.0]
[0.0, 0.0, 0.0]
[0.0, 0.0, 0.0]
[0.0, 0.0, 0.0]
[1.8335705588362775e-05, -1.5782556100102587e-05, -2.5275409710275446e-05]
[3.457782484591956e-05, -6.527460811920455e-05, -2.8666922527381814e-05]
[2.5197619410794977e-05, -0.00010784018794182386, -6.06673363954329e-06]
[1.0151865268503423e-05, -0.00025386513092706485, -8.425291403900908e-06]
[1.29812116659698e-05, -0.000374932792664429, 2.032023054993513e-05]
[2.986303999655468e-05, -0.0005132367321220614, 7.404971169583277e-05]
[4.698689214593952e-05, -0.0006603686098617162, 0.00013992515661681077]
[0.0001088786189668044, -0.0008398210199392327, 0.00019862962963833854]
[0.0001427018414913409, -0.001007580305404519, 0.00020434008005669954]
[0.00017991716968808694, -0.0012101200254026614, 0.0002268922052676901]
[0.00018417411371896, -0.0014039810793557755, 0.00025115831567756387]
[0.0001687736889201037, -0.0017304358957772484, 0.0002513825049893948]
[0.00015762436930830608, -0.001961795008848963, 0.0002658595480724908]
[0.00013436264315751573, -0.0022121663014120505, 0.0003097428100467528]
[9.604006881195644e-05, -0.002451638775470583, 0.0003817793977570008]
[1.0458093344811563e-05, -0.0027629682041803542, 0.0005149241259110383]
[-6.932766264809497e-05, -0.003035026972819755, 0.0006364124473803915]
[-0.00015029445516189893, -0.0032963394970517896, 0.0007563238807155772]
[-0.00028648467206428507, -0.003606970760338978, 0.0008908647085544784]
[-0.0004030708929134091, -0.0038879135722280594, 0.0010108511546894172]
[-0.0005236775825345566, -0.004160749156729472, 0.0011535977348437058]
[-0.000631895168082734, -0.004422404020648856, 0.001298914654253072]
[-0.0007354522655363779, -0.004797510199312689, 0.0015537958707036647]
[-0.000865896604689187, -0.005055370582564032, 0.0017200781375894451]
[-0.0010321665891062466, -0.005426507114216351, 0.001882381992620404]
[-0.0011762616029155676, -0.005719458369005892, 0.0020400712612146546]
[-0.0014427962896653677, -0.006082064320761884, 0.002225473843970036]
[-0.0016345889585529854, -0.006368246267830777, 0.002383458931301537]
[-0.0018708795276663793, -0.00660033716245363, 0.002620581164665696]
[-0.0020974011544869385, -0.006917733005753563, 0.002926764512234595]
[-0.002415027796736485, -0.007162695058078559, 0.0033778774390272595]
[-0.002704723241925731, -0.0074587152223529185, 0.003774811270968701]
[-0.0029958989300421486, -0.0076238354107447505, 0.004123881351031795]
[-0.003334071492787664, -0.007807193524587164, 0.004518194745368859]
[-0.003693937811451436, -0.0079877340434415, 0.004960687973967142]
[-0.00404114520752742, -0.008184679350186764, 0.005294095738675287]
[-0.004363221776313386, -0.008392596131165494, 0.0056191959933577056]
[-0.004679946358479461, -0.008665648153426075, 0.0060131472915900515]
[-0.005022380432311053, -0.008890100908394228, 0.00654468739832805]
[-0.005268105022020512, -0.009041138144348176, 0.006962378704457573]
[-0.005524374711360724, -0.0091931671280904, 0.007349673922859745]
[-0.005731268675362533, -0.009371953408678543, 0.007674495003831874]
[-0.0060564669415324925, -0.009645845820425932, 0.00806072762323637]
[-0.006266253121691056, -0.009835311004127417, 0.008377254853674038]
[-0.006509860268732595, -0.010074542161644657, 0.008696613234863995]
[-0.006708402443918452, -0.010263190328650895, 0.009017221315933318]
[-0.00701886390942437, -0.010548490586882656, 0.009483158908688285]
[-0.007243227875915701, -0.010781009884100247, 0.00986072670984585]
[-0.0074585113308704, -0.01102420465630358, 0.010267198374034716]
[-0.00768382188157595, -0.011259963860672318, 0.010625720196506943]
[-0.007968981388123795, -0.011563279616796155, 0.011042423337105867]
[-0.008181862357484597, -0.011816737591604997, 0.011413899538799123]
[-0.00835961599384858, -0.012086085958034952, 0.011792022475230717]
[-0.008558266258562904, -0.01232470298280367, 0.012145728123306365]
[-0.008726114387254255, -0.012583439526214055, 0.01260002445241163]
[-0.008852254498892664, -0.012809729921759659, 0.013000908338558187]
[-0.008969105676844908, -0.013016378985049298, 0.01338416420943486]
[-0.00909932960336268, -0.01323253273931221, 0.01378727596369152]
[-0.009269518195277103, -0.013511383975810918, 0.01421713287781086]
[-0.009417195657752772, -0.013766777790928357, 0.014576247677533218]
[-0.009546220688742042, -0.014015668455990083, 0.014910467747143198]
[-0.009692250203980228, -0.014321017898731385, 0.01524682342412787]
[-0.00983612145489984, -0.01472922174724854, 0.015598156215588875]
[-0.009941152120667653, -0.015111028546629173, 0.015886664975680025]
[-0.010022933330591706, -0.015490068160933367, 0.0161881049888277]
[-0.010131480579644322, -0.015956579707759412, 0.01659877686702704]
[-0.010209574344510534, -0.016343633076387427, 0.0169216491571593]
[-0.010265324753379509, -0.01670964610654634, 0.017202755583503107]
[-0.010309946679149544, -0.017129926134765848, 0.01750007591026615]
[-0.010318636121675839, -0.01765397272794332, 0.017900192214168036]
[-0.010317299843946949, -0.018087083441529612, 0.018206140455811884]
[-0.010281832928172517, -0.018480205837855528, 0.01849440463700002]
[-0.010237110270682095, -0.0189212208984687, 0.018792824381611953]
[-0.010152372962749298, -0.019474083056432785, 0.01917748964582127]
[-0.010077363806476084, -0.01989571258950945, 0.019487539253026518]
[-0.009990175053593215, -0.0203307242534619, 0.019815991525696897]
[-0.009886113941531912, -0.020753590306707714, 0.020155931369058792]
[-0.00971693684138898, -0.02133965479218264, 0.020584783281151278]
[-0.00955266548953045, -0.021806942285037312, 0.02091581704222467]
[-0.00934612506391603, -0.022314989137417467, 0.021265176602573575]
[-0.009113730668732624, -0.022822442880256692, 0.021579142261371035]
[-0.00879469742466711, -0.023482386701580343, 0.021970067482393656]
[-0.008499924354800827, -0.024015506709581805, 0.02227173883393423]
[-0.00818781917495618, -0.02457878883397593, 0.022589254316884095]
[-0.007849352667343313, -0.0251389958812434, 0.02291213284273896]
[-0.007400426787760482, -0.025871114285809557, 0.02335822096300281]
[-0.007019495596072257, -0.026451936417299288, 0.02372489997079781]
[-0.006621060132201604, -0.027069568309293558, 0.024090250066418534]
[-0.006199131612350912, -0.02770986457644703, 0.024489962289366177]
[-0.005624971780151814, -0.028536549761796568, 0.025017133987809036]
[-0.005157534150700948, -0.02923181587645291, 0.025448142453289024]
[-0.004668307745812653, -0.029928547523701603, 0.025871934712498948]
[-0.004175309887439442, -0.03065956794041738, 0.026314583831856222]
[-0.0035245498011821927, -0.031570622206515596, 0.026895414575459575]
[-0.0029875755427954164, -0.0323125396540894, 0.027331686957431326]
[-0.0024353240828431967, -0.03305200892705751, 0.027744152211352194]
[-0.001882702560469555, -0.0337508182137287, 0.028204611652921097]
[-0.0011522184671942516, -0.034646997406632005, 0.028728784067588407]
[-0.0005497958864913791, -0.03539007227286884, 0.029118395028270423]
[6.011759493521919e-05, -0.0361620642698101, 0.02954457164863935]
[0.0006601194664546062, -0.036931365874291404, 0.02998346959799949]
[0.001441453711282891, -0.037950953261076135, 0.030506832188254188]
[0.0020796748646066065, -0.03878657424323047, 0.030941195826878484]
[0.002739526820767282, -0.039642969310393114, 0.031406938386584725]
[0.0034336002453641597, -0.040513202032797166, 0.03189325362068188]
[0.004331773982194125, -0.04162684804337453, 0.032528142948973916]
[0.005092799550522014, -0.042507924083066355, 0.033050005462973056]
[0.005864002762123658, -0.043398307237009964, 0.033582485955272134]
[0.006647178848852997, -0.04427582564666251, 0.034123108498997023]
[0.0076490192234243545, -0.0454016303902965, 0.034782024063197185]
[0.008448829532679518, -0.046334114065504625, 0.035308831378319146]
[0.009269725746602847, -0.047295628302540846, 0.035797634958255935]
[0.010303401095253961, -0.04851913721576757, 0.03634148957729055]
[0.011137567350746431, -0.049496820906650835, 0.03677771861932024]
[0.0119796660112486, -0.05051124483663552, 0.03725837267125181]
[0.012848076019561271, -0.05152551445094408, 0.037731176647089575]
[0.013895294970970064, -0.052775667274216446, 0.03831830579285063]
[0.014762917714788585, -0.053767301278518496, 0.038823094631667596]
[0.015624982213966711, -0.054761555222417616, 0.03930589612907062]
[0.016483656947862572, -0.05577309848693051, 0.039797636310158396]
[0.017547354318004593, -0.05703282951017042, 0.04044340716261276]
[0.018374620578579477, -0.05807451825296748, 0.04095778630894743]
[0.019211384596582653, -0.05912806202728723, 0.04144448688282121]
[0.02004664638146292, -0.060218802794845816, 0.041935261240765215]
[0.021110310763422572, -0.06162397579194355, 0.042565360249938546]
[0.021949762147585337, -0.06279422979111489, 0.04307123338045929]
[0.022797002262977237, -0.06397313952918529, 0.04358464185483759]
[0.02365698736961305, -0.06514979697264275, 0.04409518649693995]
[0.024748306648717223, -0.06667275316181218, 0.044697921631436495]
[0.02562342655982542, -0.06791237740207734, 0.045183866949700516]
[0.026501748885456637, -0.06917933621997355, 0.045689415740842385]
[0.02739449896652547, -0.07046569596020923, 0.04620246414381039]
[0.02849863761715323, -0.07211280150132053, 0.04684581240383385]
[0.02938218318463726, -0.07343988023376785, 0.04739742672771966]
[0.030270781884057397, -0.07476580926062575, 0.04791942156173519]
[0.03114329776669459, -0.07610279861948668, 0.048395762343015944]
[0.03222132641201703, -0.07777192342727537, 0.04904117651099281]
[0.03308700295514433, -0.07913486520401468, 0.049536931204122045]
[0.033963107648839544, -0.08053504125503454, 0.04999234090470665]
[0.034844144002933244, -0.08198075544899654, 0.050476194973855915]
[0.03597224386342609, -0.08379963476868484, 0.05106512526991488]
[0.03688845071209344, -0.08528697711264044, 0.05151093134644475]
[0.03782452182074695, -0.08678700371538213, 0.0519629684583536]
[0.03877519649858893, -0.08829942786896997, 0.05242276476676643]
[0.03995393964392641, -0.09019032138856288, 0.05302729482135066]
[0.04091328580108067, -0.09172403031991831, 0.05353759806455174]
[0.04187745307371617, -0.09327598884050653, 0.05404455744970999]
[0.04287755640882251, -0.09484177810931897, 0.054560078900545185]
[0.04455844723895685, -0.09765941163525371, 0.05547842951778159]
[0.04504466156020792, -0.0984722775019567, 0.05574219602713116]
[0.04600185640244061, -0.10013450003053155, 0.05626549460580514]
[0.04695793077897361, -0.10181722667372765, 0.05681744563174703]
[0.04816471410332095, -0.10395376639160843, 0.05752935399351943]
[0.0491340243963088, -0.10567107701241447, 0.05809029138104505]
[0.050137622063625535, -0.10741099158517624, 0.05865154461936184]
[0.05113641233273601, -0.10918452877354502, 0.059217300925340235]
[0.05240219128030655, -0.11144431297530936, 0.059904179099915016]
[0.053420237459747985, -0.11328704763186838, 0.06046443402573519]
[0.05447047118493472, -0.11516032829925922, 0.06102379491775634]
[0.05580686337673734, -0.1175421246951441, 0.061786474448332546]
[0.05689804537601061, -0.11945557280910075, 0.06239923193091055]
[0.05801708259465638, -0.12137555223393348, 0.06302305693814236]
[0.059138429532470546, -0.12331242982253984, 0.06366800903304917]
[0.060545112803567676, -0.12578328690192025, 0.0645010575837506]
[0.06170512431896039, -0.12780290004981548, 0.06518973956457241]
[0.06285642910400831, -0.12984061328881014, 0.06590191195536406]
[0.06398525151045414, -0.13189687598937008, 0.066606660946566]
[0.0653495053929891, -0.13448662729774502, 0.06746126769572866]
[0.06642093738173666, -0.13658266579902936, 0.06814725158656991]
[0.06751602888333412, -0.13870426438575437, 0.06881746775784385]
[0.06859967112751456, -0.14086366416463073, 0.06949463949516456]
[0.06997050142270084, -0.1435767176612043, 0.07035395915315577]
[0.07109911360428874, -0.14576765298634226, 0.07104578921065315]
[0.07222067820309276, -0.14797450739687612, 0.07177237948278806]
[0.07333763658884161, -0.15018985572120938, 0.07249433001738005]
[0.07471995890662324, -0.15300874067425912, 0.07337534295501026]
[0.07583974214343446, -0.15530036143375853, 0.07407975771699331]
[0.0769430045742767, -0.15761075499028476, 0.07479668956963668]
[0.07805178716371136, -0.15994054190783105, 0.07552015409326193]
[0.07942452034179624, -0.16286201647425383, 0.07644019205407322]
[0.080542282308846, -0.16522155399840138, 0.07718164547905441]
[0.08167567690380778, -0.1676125485321361, 0.07792532341756506]
[0.0828195491041694, -0.17001649479484748, 0.07867013216169524]
[0.08423186208294066, -0.17307407455691318, 0.07967431035728172]
[0.08537073175984097, -0.1755481247489514, 0.08047303573073698]
[0.08652418586157824, -0.17802801103031346, 0.08128113335959783]
[0.08767581616721201, -0.18052452410624856, 0.08207711345728189]
[0.08913582852812833, -0.1836773295042016, 0.08311283120758838]
[0.09029799366910468, -0.1862261445727272, 0.08396977099137537]
[0.09145955517218879, -0.18878339738682712, 0.08483243404210002]
[0.09265437528867768, -0.19138281565997517, 0.0857060667852694]
[0.09413842607914477, -0.19466841534389104, 0.08678028886134177]
[0.09533607859221671, -0.19730024633613247, 0.0876141802628393]
[0.09656500108989197, -0.1999318313357198, 0.08843249474023648]
[0.09779333102446891, -0.20257468194584796, 0.08929114600121942]
[0.09929954325257641, -0.2059174498108376, 0.09035054459350086]
[0.10051313786471072, -0.20860665526206637, 0.09120750484992603]
[0.1017286196077248, -0.21133262243451237, 0.0920738210268066]
[0.10293346645961277, -0.21410310288780066, 0.09292185376843884]
[0.10450103495506201, -0.21762155447309744, 0.09394812284882484]
[0.10573573170725455, -0.22047106475009476, 0.09475090379303658]
[0.10700401098730429, -0.2233352730654733, 0.09554148223754727]
[0.10825625589227932, -0.22620902684834607, 0.09633724867169415]
[0.10979751294316635, -0.22983073934639806, 0.09735044587021624]
[0.11105001135122994, -0.23274333691583457, 0.0981328238283695]
[0.11231097193803126, -0.23563595921854316, 0.09892461549022234]
[0.11393278432808356, -0.2392746750347362, 0.09992625914225432]
[0.11522978412644547, -0.2421890800074911, 0.10073164962527387]
[0.11654982742658734, -0.24510500088469447, 0.10153111895295275]
[0.11785723793014198, -0.24806315655160774, 0.10233900384812976]
[0.11945504879891597, -0.2518050041078089, 0.10336159465653152]
[0.1207438758869762, -0.25480531306801607, 0.1041938323965317]
[0.12204633025517851, -0.257812277889111, 0.10502362019833432]
[0.12334541319108892, -0.2608258485890686, 0.10587730489739731]
[0.12499004896817076, -0.26462949690564674, 0.10699165260315388]
[0.1263036938240458, -0.26769256605411096, 0.10793929094091248]
[0.1276318983095412, -0.2707342798607079, 0.10893096775241215]
[0.12894952509803742, -0.2738007327487717, 0.10989326886302699]
[0.13059555808691914, -0.2776871883115304, 0.11111853619350603]
[0.13190025686576115, -0.2808272247235506, 0.11212256314413707]
[0.13320437138161348, -0.28401622298788215, 0.11312973861215997]
[0.13453174303157264, -0.28722096916277023, 0.11412574513764216]
[0.13616208216082124, -0.29128194760309734, 0.11538628957102258]
[0.13748818763888726, -0.2945835079867025, 0.11638851662612032]
[0.13881732172231287, -0.2979192189634957, 0.11740396823988526]
[0.14013908382324972, -0.3012770482531096, 0.11844336274442328]
[0.141834619137851, -0.3054922020283261, 0.11973621917989018]
[0.14317395310196668, -0.30888813616416855, 0.12077981254688619]
[0.14452542853741637, -0.31231431287891587, 0.12185204964408741]
[0.14587918172460954, -0.31575577920879494, 0.12293925702989805]
[0.14760221924552494, -0.32010423387922443, 0.12432795664334655]
[0.1489780204174615, -0.3236107704694125, 0.1254482439211531]
[0.15036310115729662, -0.3271591480417804, 0.1265800141296205]
[0.15174299277956368, -0.33072347130086527, 0.1276980331852627]
[0.15347472845449822, -0.33521820263388286, 0.12905479377326182]
[0.15489342766428504, -0.33887450571054856, 0.1301883250128604]
[0.15632730432881858, -0.3425494308520422, 0.13134125518981873]
[0.15779432486485168, -0.34623277138457437, 0.1324612196977596]
[0.15962527483720493, -0.3508761680499704, 0.133799969898361]
[0.16112623325013456, -0.35461040127987103, 0.134871180167804]
[0.16263356783094224, -0.35837634006971414, 0.13598311308520927]
[0.1641439063893637, -0.36217827064097863, 0.13709158089792914]
[0.1660317857830229, -0.36692580633530963, 0.13845897801540658]
[0.16756533426272044, -0.3707764136151695, 0.13955267396082818]
[0.16908961401106343, -0.37464758289738115, 0.14066501025703051]
[0.1706406365248101, -0.3785439178924336, 0.14180105361014964]
[0.17259445081138652, -0.38344491223944044, 0.14321047899029596]
[0.17417519913989338, -0.38740412222930354, 0.14433259230088763]
[0.1757450081058746, -0.3913484096223902, 0.1454531238077804]
[0.17734655868453753, -0.39534199870747067, 0.1465787727140602]
[0.17938324182170198, -0.40034572902699367, 0.14801012646316794]
[0.18104192666734004, -0.4043884576751754, 0.14916046243301903]
[0.1826940612814649, -0.40842911907197504, 0.15030696162531673]
[0.18477337694214238, -0.4135380937034347, 0.15174773909749115]
[0.1864102386481882, -0.4176623624539084, 0.15293447634754714]
[0.18807713677154517, -0.4218078484942373, 0.154136726301695]
[0.18975600968714326, -0.42594318790583796, 0.15532348877851052]
[0.19190231127365837, -0.43119020506263583, 0.15685459002252386]
[0.1936077801199637, -0.43538095531995324, 0.15806149918715234]
[0.19534573288207907, -0.43959779011793426, 0.1592715133639095]
[0.19707975980675113, -0.44381853463244686, 0.16050356210409766]
[0.19928789621610163, -0.4491826983177187, 0.16208119847418767]
[0.20103900537207806, -0.4534910311965874, 0.16334492312150617]
[0.2028186998770802, -0.4578711809263433, 0.16462065028881337]
[0.20462547094873001, -0.46227998249164176, 0.1658934758067319]
[0.20691795191279014, -0.4678433789665171, 0.16744623339363368]
[0.2087560155158858, -0.4722724177440973, 0.16868308985513258]
[0.21062937155057862, -0.47674368528085626, 0.16991774077334013]
[0.2124980837559478, -0.48123391542440896, 0.17112120994536917]
[0.2148815194299905, -0.4869115772864898, 0.17264815784279]
[0.21680084955823473, -0.49147494292121296, 0.17386693602484116]
[0.21874496129086723, -0.49607267770765423, 0.17510431198148543]
[0.22069639297955862, -0.5006669927320923, 0.1763310240571266]
[0.2231640772636292, -0.5064880061308182, 0.17784159051621465]
[0.2251452781171635, -0.5111864863220443, 0.1790715799570089]
[0.227171028421197, -0.5159301941902109, 0.18030709268748674]
[0.22919777791344773, -0.5206855609698521, 0.18153480157404156]
[0.23174581155784185, -0.5266885174472732, 0.1830697341449588]
[0.23378652114503312, -0.5315062989089372, 0.18431248452055538]
[0.23586256213006673, -0.5363715200553661, 0.1855410535382469]
[0.23795193216206595, -0.5412488946938637, 0.1867663214544291]
[0.24059990209508839, -0.547409776188465, 0.18832171997696853]
[0.2427146303249574, -0.552343771275118, 0.1895360344622065]
[0.24483815844549045, -0.5573230388809136, 0.19074206838396535]
[0.24695192393344872, -0.5623199342501911, 0.19194118855582823]
[0.2496131363944035, -0.5686330022338364, 0.1934446342109078]
[0.2517572811259092, -0.5737086894754834, 0.19465493356463465]
[0.25394534990030043, -0.5788299734536622, 0.1958758888544735]
[0.2561540905471449, -0.583964168564052, 0.19709846649423557]
[0.25892818443872506, -0.5904507349159399, 0.1986718896038024]
[0.2611714619647617, -0.5956482076194786, 0.19996293667872364]
[0.26343787065373886, -0.6008550169077104, 0.20127782130788327]
[0.2657621442945972, -0.606076534469012, 0.20257170419628337]
[0.26868088163064124, -0.6126280884200946, 0.20422084053930936]
[0.27102509298829186, -0.6179088524802714, 0.20555964678439761]
[0.2734080990208402, -0.6232208112002934, 0.20691695127878804]
[0.27580547757680984, -0.6285697232608017, 0.20829288543300928]
[0.2788138286641208, -0.6353406570814026, 0.20999993654199786]
[0.28123850565303743, -0.6407707190606987, 0.21137835072114475]
[0.28368003032690225, -0.6462262104224029, 0.2127437909971919]
[0.28672547792328196, -0.6531122403932246, 0.21445111311589143]
[0.2891881043400118, -0.6586616635192797, 0.2158224063301891]
[0.2916600418580321, -0.6642388308818963, 0.2172197876305965]
[0.2941182868201591, -0.6698411899108813, 0.2186037146577152]
[0.2972158750454158, -0.6768781340749325, 0.22034099855255013]
[0.2997125542113448, -0.682548520762018, 0.22175426528526085]
[0.3022201136151184, -0.688253769928708, 0.22317155138444142]
[0.3047450532072882, -0.694001407152517, 0.2246202241809499]
[0.30790334975518724, -0.7012265723228776, 0.22644565802331296]
[0.3104359118210965, -0.7070352351682341, 0.22792303971325092]
[0.3129777314774149, -0.7128797526991008, 0.22936638159234]
[0.3155304131061111, -0.7187732161751654, 0.2308076620207301]
[0.3187320339534967, -0.7261706817337411, 0.23259550653898142]
[0.3213167718882339, -0.7321414121904054, 0.23401675001730465]
[0.3239092537450647, -0.7381323413753577, 0.23545141832600647]
[0.32652792639008665, -0.7441582229584753, 0.23689258060557467]
[0.3298095543362648, -0.7517527132010197, 0.2386972771856271]
[0.33246127869882947, -0.7578711471075344, 0.24018508455601104]
[0.3351195511853833, -0.7640067633163988, 0.24168346754732845]
[0.3377947430575616, -0.7701837920934068, 0.2431736926547481]
[0.3411385506613661, -0.7779475950030921, 0.24504658194174558]
[0.34385998556945807, -0.7842078618306595, 0.24657446720007759]
[0.34661246104040017, -0.7904939780538329, 0.24813415872006497]
[0.34937444002692003, -0.7968083968510464, 0.24970214805888402]
[0.3528371401449091, -0.8047486552991999, 0.251684134407252]
[0.3556286021706574, -0.8111400601032709, 0.25325327359524585]
[0.3584225913987431, -0.8175733991342737, 0.25482727696195806]
[0.3612503263833972, -0.8240296892261375, 0.256433213675125]
[0.3648689772362641, -0.8321305817098851, 0.25845134173264633]
[0.3677783958695925, -0.8386365085893074, 0.2600538244700191]
[0.3707034784681753, -0.8451931447662024, 0.2616817352658919]
[0.3736475798524762, -0.8517729226883445, 0.2633234156909038]
[0.37733951535857674, -0.8600450664770647, 0.26536942116897877]
[0.38032132083568565, -0.8667268693368417, 0.2670070040634866]
[0.3833245787331515, -0.8734288508979792, 0.26863255547979176]
[0.3863338911819643, -0.8801680538721315, 0.27024345907426506]
[0.39014798422461117, -0.8886335718122202, 0.27222995196084115]
[0.39322921773545616, -0.8954616979946267, 0.2738353119000133]
[0.3963498953367503, -0.9023233913887143, 0.2754524805687848]
[0.39950576676266364, -0.9092108918802143, 0.27710031435268423]
[0.40349704070171305, -0.9178732126737728, 0.27917169658390206]
[0.40670278987769737, -0.9248563507206009, 0.280854490714109]
[0.40992917038655596, -0.9318610061231833, 0.28253518552340867]
[0.41318118394979997, -0.938890973205013, 0.2842218458595296]
[0.4172837305306028, -0.9477337059041432, 0.28638054881686703]
[0.4205880866721442, -0.9548403522869586, 0.2880821576129116]
[0.42393635959814235, -0.961998717829698, 0.28980810846402505]
[0.4280994723355821, -0.9709873107284629, 0.2919745577969742]
[0.43145363587545016, -0.9782327097089941, 0.2937148816760514]
[0.43483850681265424, -0.9855069259929552, 0.29544377365731866]
[0.43824375065521187, -0.9928160805750383, 0.29717793629541717]
[0.442569940675056, -1.002048582115934, 0.2993814208343738]
[0.4460133567671515, -1.0094403089672397, 0.301157767489743]
[0.4494973980605597, -1.016879014089094, 0.30292647783470167]
[0.4529700393932098, -1.024335657682886, 0.30466584003682057]
[0.4573428408066937, -1.0337322098311903, 0.3068325871148451]
[0.46084738588057783, -1.0412683289182687, 0.3085561833866807]
[0.46438727562191157, -1.0488617691736482, 0.31028727318963206]
[0.467922103258988, -1.0564654452901552, 0.3120340139062243]
[0.47238800860791724, -1.0659886323361882, 0.3141775858468968]
[0.4759858499049511, -1.0736327738866023, 0.3158993070233423]
[0.4795970182438718, -1.081311829526816, 0.317629460073093]
[0.4832518881628028, -1.0890463669224006, 0.3193696747225603]
[0.48787839782453035, -1.0987393400774816, 0.3215909826379161]
[0.4916185814592131, -1.1065449953351243, 0.3233741669132388]
[0.4953540529556784, -1.1144033122366885, 0.3251464805067419]
[0.49911053447588316, -1.1223051745474024, 0.32696837895022834]
[0.5038491015896036, -1.132257551942766, 0.3292780227098561]
[0.5076219604433877, -1.1402358462333195, 0.33112837113342214]
[0.5114216425972353, -1.1482387287345368, 0.33300225514282505]
[0.5152610058731952, -1.1562959904199561, 0.3348996075514755]
[0.5201102865665486, -1.1664360114228773, 0.33730142264573193]
[0.5239773473702534, -1.1745610036430796, 0.3392369367596056]
[0.5278794042749249, -1.1827273174336799, 0.34119027255674844]
[0.5317930195386961, -1.1909177447493813, 0.34315587201691744]
[0.5367175761736768, -1.2012448856235027, 0.3456172503984971]
[0.5406760184176072, -1.209542092212675, 0.3475909224856126]
[0.5446403877918936, -1.2178830554991533, 0.34954181680904717]
[0.548605543153914, -1.2262510826081534, 0.35151088514254597]
[0.5535731044794888, -1.236785775902014, 0.3539578368871576]
[0.5575648031305055, -1.2452298814851488, 0.3559273853327849]
[0.5615908155537729, -1.2537170497273762, 0.35787363532196664]
[0.565638049312328, -1.2622395980916012, 0.35979451658979217]
[0.5707270173033181, -1.2729513307668125, 0.3622221568839468]
[0.574811831131683, -1.281568284666188, 0.3641707238536094]
[0.5789246384536184, -1.2902309408608061, 0.36613527785966143]
[0.5830607360590931, -1.298941095461368, 0.3681256269469152]
[0.5882629479489794, -1.3099116520679788, 0.3706284091689875]
[0.5924413987224375, -1.3187124501592589, 0.372674831678022]
[0.5966421741805488, -1.3275383753000993, 0.3747257138121965]
[0.60086968514224, -1.336430298196375, 0.3767496171666844]
[0.6062336663042993, -1.3476505496381976, 0.379360041847567]
[0.6105512367226503, -1.3566485932669032, 0.3814531772032311]
[0.6148867064550948, -1.3657010837219992, 0.3835644310078457]
[0.6203406389765352, -1.3770671827041343, 0.3861997854555453]
[0.6247431787917334, -1.3862085884865436, 0.3883031515893687]
[0.6291467016744434, -1.395385447499569, 0.39044630609437597]
[0.6335587780553023, -1.4045826876938021, 0.3925936901983868]
[0.6391453816755664, -1.4161162535310978, 0.39526982284105594]
[0.6436259028108331, -1.4253961939113589, 0.39742260457380757]
[0.6481437180086925, -1.4347144352841412, 0.39955430386206536]
[0.652704863425853, -1.4440753478536092, 0.40168489921716305]
[0.6584406224461576, -1.455809678176108, 0.40432469296912793]
[0.6630452356031447, -1.4652346224289967, 0.40646687629415007]
[0.6676824734262826, -1.4746918227119385, 0.4086198812789179]
[0.6723311625078559, -1.484190105157509, 0.4107779335768037]
[0.6781720836552025, -1.496082902285651, 0.4134732512475126]
[0.6828700230480386, -1.5056479724857592, 0.4156477921436018]
[0.6875759663005374, -1.5152763920372307, 0.41780717818178753]
[0.6923019894032061, -1.5249602985978044, 0.4199930149964042]
[0.6982184502652617, -1.537117009969499, 0.42269269996595604]
[0.7029729663044645, -1.5468879032381657, 0.4248415631032908]
[0.7077470692246466, -1.5567023855752924, 0.42701717907263265]
[0.7125430271687633, -1.5665527258184557, 0.42920793455763323]
[0.7185735717289619, -1.5789410545870317, 0.4319759533815459]
[0.7233959475288181, -1.5888868320597909, 0.4341778062778107]
[0.7282555958122837, -1.598888840614004, 0.4363970473065788]
[0.7331286295308207, -1.608930344293439, 0.43859699710023003]
[0.7392803989738183, -1.6215622933631542, 0.4413490830754727]
[0.744231160879168, -1.6316733540255113, 0.44352852614834]
[0.7492096916355878, -1.6418248528564259, 0.4457241723485349]
[0.754209916045608, -1.652010232772223, 0.4479261353918687]
[0.7604702116759308, -1.6647938408586382, 0.4506646410647949]
[0.7655202098669533, -1.6750722681712986, 0.4528561867395493]
[0.7705687863407003, -1.68537896008143, 0.4550312829174287]
[0.7756344220416354, -1.6957009508568934, 0.45718206899882624]
[0.7819778321831232, -1.7086903016005965, 0.45988412162735476]
[0.787089129984577, -1.7191131642543596, 0.4620457275603813]
[0.7922185763690028, -1.7295893945764331, 0.4642269017615174]
[0.7973564876759118, -1.7400976867761129, 0.46637909629271657]
[0.8038030322548819, -1.7533110676157835, 0.469056358985521]
[0.8089804858902522, -1.7639333410825722, 0.47120671355930316]
[0.8142000407027203, -1.77459653431004, 0.4733749025286777]
[0.819454227429968, -1.7852996205290679, 0.47553952085640155]
[0.8260350419984795, -1.7987620363615549, 0.478239573707289]
[0.8313043770862826, -1.809580001339568, 0.4804001918584597]
[0.8365893204503395, -1.8204449381473757, 0.4825569657077555]
[0.841886333854561, -1.831348359219181, 0.48471376209040773]
[0.8485182411549061, -1.8450716581841384, 0.4874158031225127]
[0.8538461476272032, -1.8560864698389055, 0.48959832076545867]
[0.8592121770771908, -1.8671319258987364, 0.49179068303341567]
[0.8659220505050323, -1.8810278162407692, 0.4945708139544933]
[0.8713309946616918, -1.8922068644100087, 0.49681299101379534]
[0.8767438344628976, -1.9034429033147564, 0.4990461221836887]
[0.8821751762994566, -1.9147300191054162, 0.5012874630607743]
[0.8890000116791531, -1.928919753186969, 0.5040928780610218]
[0.8944729158531467, -1.9402980913489736, 0.5063567890708153]
[0.8999726934621376, -1.9517249892789679, 0.5086232961342917]
[0.9054960051945324, -1.9632229499277583, 0.5108963894935823]
[0.9124530385591947, -1.9776590485133243, 0.5137532092726965]
[0.9180463429665406, -1.9892458797474202, 0.516005645489154]
[0.9236178784244548, -2.000880374357631, 0.5182778990369634]
[0.9292235835189514, -2.012571553960966, 0.5205484692172542]
[0.9363007692400279, -2.0272662969117294, 0.5234313909445526]
[0.9419769323901861, -2.039092239579564, 0.5257473048746435]
[0.9476897461293761, -2.050956319129235, 0.5280448138014906]
[0.9534490238520426, -2.062869507918154, 0.5303633214554648]
[0.96064365508535, -2.0778342063221458, 0.5332540497365577]
[0.9664340036102967, -2.08986267213292, 0.535589305991015]
[0.972240426510782, -2.101954192046849, 0.5379223899284906]
[0.9780574844439842, -2.11406192850839, 0.5402674269345168]
[0.9853690442375017, -2.129286569624913, 0.5431719564207942]
[0.9912202457229782, -2.1414983108873655, 0.5454947485243788]
[0.9970928045081718, -2.1537498525403103, 0.5478158588997891]
[1.0029970152472847, -2.16605504247359, 0.5501255923435379]
[1.0103968238406702, -2.1814894928125095, 0.5530382423037994]
[1.0163394532008843, -2.193887962634908, 0.5553810775179894]
[1.022304721631071, -2.2063328956203225, 0.5577409922275841]
[1.0282956982231364, -2.218809290649626, 0.5601144534984708]
[1.0358235860853349, -2.234497331026094, 0.5630759487726161]
[1.0418610669877482, -2.2470955637310053, 0.5654550415754179]
[1.047899235301304, -2.2597006589747353, 0.5678435172186429]
[1.053966892242253, -2.2723728321105674, 0.5702559408262722]
[1.0615977438699093, -2.2883126854529556, 0.5732887232391447]
[1.067744352047151, -2.3011129442198675, 0.5757486308741534]
[1.073927050439358, -2.3139404602653584, 0.5782584020979377]
[1.0801675355481675, -2.3267975797155653, 0.5807938910170569]
[1.0880084444205806, -2.3429560499310615, 0.5840044350422768]
[1.0943112180354146, -2.355941009502617, 0.5865617981684406]
[1.1006326965551556, -2.3689945087464155, 0.5891394066969965]
[1.1069605279505257, -2.382133069658695, 0.5917178441002902]
[1.1149387017421857, -2.3986521719092044, 0.5949238040559829]
[1.1213367092243824, -2.4119014622558117, 0.5974992133646138]
[1.1277739809849316, -2.4252338259970636, 0.600083993746068]
[1.134225928789799, -2.4386074254713166, 0.6026657361694644]
[1.142314359391386, -2.455435547533522, 0.6058831132894025]
[1.1488196102684747, -2.4689462981175723, 0.6084855777676063]
[1.1553616997722789, -2.4824937065153514, 0.6110858094476267]
[1.1635776352270883, -2.499518211080234, 0.6143434295637616]
[1.1701626674072414, -2.5131677067293143, 0.6169891212830243]
[1.1767802542542258, -2.526872704433354, 0.6196542810157079]
[1.183407936743866, -2.540636402507074, 0.622322552893026]
[1.1917148006041918, -2.5579469024191828, 0.6256528480365628]
[1.198370080946382, -2.5718459722655136, 0.6283325656358535]
[1.2050419966206607, -2.5858043015618044, 0.6310366522171199]
[1.2117284616847575, -2.5998109535403646, 0.6337439236658674]
[1.2201152179542734, -2.6173882274662, 0.6371437835835355]
[1.2268729287376192, -2.6315191625216636, 0.6398586114341608]
[1.2336173358641942, -2.645674132860714, 0.642593061600613]
[1.240383635844165, -2.6598913655449716, 0.6453148622388906]
[1.2488507451158093, -2.6777320759092245, 0.6486928075982242]
[1.2556598301044795, -2.6920575755034832, 0.6513923275229166]
[1.2625122584697008, -2.706445653621332, 0.6540949908863499]
[1.2693942163226029, -2.7208694413124253, 0.6568150104920596]
[1.2780329828716541, -2.7389807154821364, 0.6602276630195127]
[1.2849766840697152, -2.7535347246629533, 0.662964916514716]
[1.2919738523153301, -2.768142171412241, 0.6657280772858173]
[1.2990042173399543, -2.7827996837994196, 0.6684752337344826]
[1.3078214944740225, -2.80117603301067, 0.671936839248586]
[1.3149114529564327, -2.8159192358947784, 0.6746971074137939]
[1.322030840028966, -2.830733252068824, 0.6775029008417545]
[1.329166719197572, -2.8456049761232247, 0.6803349749696048]
[1.3381082716923614, -2.8642853913257946, 0.6838670965909797]
[1.3452676961282088, -2.8792712901444895, 0.6866937868426527]
[1.352445622136352, -2.894308671243539, 0.6895258913379722]
[1.3596604056756167, -2.9094033511621116, 0.6923657413151069]
[1.368688566312662, -2.928362389168146, 0.6959295474561223]
[1.375938536479003, -2.9435747035101754, 0.6987838896579602]
[1.3831972884962533, -2.9588268051281323, 0.7016537696958232]
[1.3904689933526657, -2.9741187398281017, 0.704533058200694]
[1.3995968254483697, -2.993320794592368, 0.7080629008006833]
[1.4069199824685972, -3.0087145139615656, 0.7108937367841663]
[1.4142561690611326, -3.0241362387089286, 0.7137193420816286]
[1.4216265133188035, -3.0396000085066937, 0.716569430104247]
[1.4308954287942142, -3.058998459458812, 0.7200965894342227]
[1.4383463939673105, -3.0745807543623154, 0.7229541356027523]
[1.4458450420391302, -3.0902317462444158, 0.7258172814823958]
[1.453383737149373, -3.1059270896765647, 0.7286688399914818]
[1.4628678042195622, -3.1256179761704077, 0.7322755703915625]
[1.4704753138374569, -3.1413873557176117, 0.735159318771655]
[1.4781133687937422, -3.157201191786724, 0.738041790202282]
[1.4857914152499025, -3.1730497125527375, 0.7409463069686805]
[1.495424872594221, -3.1929496787638265, 0.7445802573567459]
[1.5031581842319681, -3.2089514314257643, 0.7474944736115015]
[1.5109121045882448, -3.2249887884688317, 0.7504276339683879]
[1.5206863539358746, -3.2451245253451106, 0.7541070176439801]
[1.5285447080378511, -3.2612826884928237, 0.7570546261301678]
[1.5364515525550204, -3.2775122796818725, 0.760007565189138]
[1.544393579490045, -3.293805557674907, 0.7629656559570749]
[1.5543715745858848, -3.3142203108034183, 0.7666044906640421]
[1.5623761326293046, -3.330594256352341, 0.7695285251010793]
[1.5703860665930263, -3.3470020339780358, 0.7724540326618193]
[1.5783939533586613, -3.3634520029754245, 0.77537718857652]
[1.5884671087153557, -3.384094166335092, 0.7790278826467743]
[1.5965921153408567, -3.400673392515416, 0.7819600889017589]
[1.6047421021613981, -3.417282644025584, 0.7848926459252029]
[1.6129304373160693, -3.433918524375398, 0.7878278412137794]
[1.6232391328808802, -3.454807357353456, 0.7914895774302766]
[1.6315180693139948, -3.4715713767272667, 0.7944117809741822]
[1.639830005583061, -3.4883958200615495, 0.7973540137195179]
[1.6481547100857057, -3.5052419345019, 0.8002832197318005]
[1.658625323063027, -3.5264051492610893, 0.8039891595949513]
[1.6670121181044049, -3.5433933295636244, 0.8069588550850276]
[1.6754491596121013, -3.5604469501271025, 0.8099345359416557]
[1.6839315978862808, -3.5775540410337703, 0.8129069936738075]
[1.6945814079058585, -3.5990310759886923, 0.8166962938270931]
[1.7031238803379631, -3.6162414613431118, 0.8197358974384962]
[1.711696617519511, -3.6334954917936835, 0.8227712664052784]
[1.7202847089395445, -3.65081291699471, 0.825828473550911]
[1.7310864751576, -3.672553839770353, 0.8296794073723093]
[1.739752965964716, -3.6900087765041083, 0.8327559316306197]
[1.748415816490233, -3.707479407842455, 0.8358412772043687]
[1.7571250372440146, -3.7250175434753854, 0.838928185187779]
[1.7680342347662639, -3.7470483789508626, 0.8427559019782647]
[1.776806067623293, -3.764739965271995, 0.8458221414396782]
[1.785617479039201, -3.782477962416611, 0.8489094439844281]
[1.7944639533747613, -3.8002475426876487, 0.8520111935499556]
[1.8055877972866299, -3.822537946837397, 0.8558809522470289]
[1.8145406379145925, -3.8404317237335714, 0.8589676739379482]
[1.823551906720659, -3.8583781554513483, 0.8620232456328144]
[1.83261390022429, -3.876386914396073, 0.8651178421589426]
[1.8439978578545893, -3.898963679568914, 0.8690217579687537]
[1.8531317654141888, -3.9170636619662673, 0.8721709446238664]
[1.8623131166369231, -3.9352358619894696, 0.8753188784770096]
[1.8715413453800838, -3.9534728995983435, 0.8784667563459325]
[1.8831710943715145, -3.976342184169917, 0.8823979213118198]
[1.8925057835765502, -3.9946978869439738, 0.8855469676121601]
[1.9018872768247983, -4.01307521029357, 0.8887001525604094]
[1.911327385678188, -4.031524779688787, 0.8918810676588952]
[1.923179513788892, -4.054664287045352, 0.8958591892658178]
[1.9327004541495303, -4.0732144460242194, 0.8989967412307387]
[1.9422693982361976, -4.091810143828803, 0.9021288639989763]
[1.9542432199534425, -4.11513354830655, 0.9060418110656479]
[1.9638603032679582, -4.133830358955922, 0.909163176752052]
[1.9735106098489106, -4.152566041705539, 0.9122625171575882]
[1.9832204229884047, -4.171353483169498, 0.9153695705607363]
[1.9954461197429891, -4.1949351884415815, 0.9192802133383664]
[2.0052677855361978, -4.213862115159302, 0.9223810820182177]
[2.015134764821228, -4.2328156570096835, 0.925465486933616]
[2.0250542009003225, -4.251807997414227, 0.9285715098990837]
[2.0374954938237555, -4.275630158697116, 0.9324565736051986]
[2.0474879774757615, -4.294745494306625, 0.9355668212211751]
[2.057516809098891, -4.313889290125879, 0.9387044866681696]
[2.0675334283980242, -4.333032607925284, 0.9418343808300884]
[2.0801015159867946, -4.357036261207986, 0.9457482134024918]
[2.09020651027057, -4.376292231850192, 0.9488611952741238]
[2.10034812878194, -4.395599889836695, 0.9519536537896246]
[2.110516188707588, -4.414939426898085, 0.9550388338026735]
[2.123322691198688, -4.439162505391061, 0.9588880520508561]
[2.1336291979732347, -4.4586107448167835, 0.9619829264615303]
[2.1439422119440636, -4.478114388579659, 0.9650873693519981]
[2.1542966594057806, -4.497683133029716, 0.9681978827498096]
[2.167303811575598, -4.522226677369285, 0.9720556481662108]
[2.17774384802978, -4.541882420324224, 0.9751313073355883]
[2.188250988061667, -4.561595742768395, 0.9781922993487275]
[2.1988139315558284, -4.581380408755324, 0.9812929462197236]
